idStateVector,classificationMarking,epoch,idOnOrbit,satNo,origObjectId,uct,xpos,ypos,zpos,xvel,yvel,zvel,cov,posUnc,velUnc,solarRadPressCoeff,source,dataMode,createdAt,createdBy,origNetwork,referenceFrame,covReferenceFrame,dragCoeff,mass,crossSection,cov_matrix
61af4ba3-9dfa-4e1a-be40-267e113736ea,U//PR-EXO-SV,2025-07-28 21:43:17.794761,42915,42915,42915,False,-6744.37150551679,-41605.09720828343,-2508.72752340043,3.03056633985806,-0.492656595464875,-0.019103421867003,"[0.00024918644794, -3.5765592122e-05, 1.0716757919e-05, -2.279334642e-06, -1.3704809604e-05, 0.00023830572853, 5.2947995487e-10, 2.4856610401e-10, 2.0610356235e-11, 2.6185028576e-14, 1.4238717251e-09, -3.0311275907e-10, -2.9472259897e-12, 1.4617302165e-14, 1.3463827794e-13, 7.0833063418e-11, -1.4917753764e-11, -2.4696804844e-11, 8.3488554291e-16, 5.7688224638e-15, 6.2459158958e-14]",0.02232059440044104,4.725277404280092e-07,0.029,EXO,REAL,2025-07-28T22:00:32.563Z,system.exo,OPS1,J2000,J2000,0,3454.0,43.35633333333333,"[[0.00024918644794, -3.5765592122e-05, -2.279334642e-06, 5.2947995487e-10, 1.4238717251e-09, 7.0833063418e-11], [-3.5765592122e-05, 1.0716757919e-05, -1.3704809604e-05, 2.4856610401e-10, -3.0311275907e-10, -1.4917753764e-11], [-2.279334642e-06, -1.3704809604e-05, 0.00023830572853, 2.0610356235e-11, -2.9472259897e-12, -2.4696804844e-11], [5.2947995487e-10, 2.4856610401e-10, 2.0610356235e-11, 2.6185028576e-14, 1.4617302165e-14, 8.3488554291e-16], [1.4238717251e-09, -3.0311275907e-10, -2.9472259897e-12, 1.4617302165e-14, 1.3463827794e-13, 5.7688224638e-15], [7.0833063418e-11, -1.4917753764e-11, -2.4696804844e-11, 8.3488554291e-16, 5.7688224638e-15, 6.2459158958e-14]]"
cdd20678-e6ad-48a4-bd79-df0f83f542f1,U//PR-EXO-SV,2025-07-28 20:27:17.361158,22314,22314,22314,False,-37365.15740035829,-18855.40904494375,-4808.31848375623,1.419615761398061,-2.647658859781605,-0.666802990298366,"[0.00021426142756, -0.00036214961277, 0.00081456958618, -9.2043392577e-05, 0.00012046296877, 0.00036139850066, 1.0271509892e-08, -2.0879750449e-08, -5.2360714722e-09, 1.3388816587e-12, 3.8776538948e-09, -1.5128510649e-08, -4.288977046299999e-09, 7.5598933152e-13, 7.2365189823e-13, 1.087098165e-09, -4.338547501e-09, 1.148298827e-09, 1.938307653e-13, 4.9676502753e-14, 5.0735671831e-13]",0.03728578166540162,1.603087731610469e-06,0.0325,EXO,REAL,2025-07-28T20:51:33.294Z,system.exo,OPS1,J2000,J2000,0,2511.4,13.873414872174386,"[[0.00021426142756, -0.00036214961277, -9.2043392577e-05, 1.0271509892e-08, 3.8776538948e-09, 1.087098165e-09], [-0.00036214961277, 0.00081456958618, 0.00012046296877, -2.0879750449e-08, -1.5128510649e-08, -4.338547501e-09], [-9.2043392577e-05, 0.00012046296877, 0.00036139850066, -5.2360714722e-09, -4.288977046299999e-09, 1.148298827e-09], [1.0271509892e-08, -2.0879750449e-08, -5.2360714722e-09, 1.3388816587e-12, 7.5598933152e-13, 1.938307653e-13], [3.8776538948e-09, -1.5128510649e-08, -4.288977046299999e-09, 7.5598933152e-13, 7.2365189823e-13, 4.9676502753e-14], [1.087098165e-09, -4.338547501e-09, 1.148298827e-09, 1.938307653e-13, 4.9676502753e-14, 5.0735671831e-13]]"
